0 0.40987124531249997 0.7218225421875 0.276824034375 0.707434053125 0.276824034375 0.760191846875 0.38626609375 0.7721822546875 0.41201716718750003 0.767386090625 0.40987124531249997 0.7218225421875
0 0.4527897 0.705035971875 0.49785407656249997 0.714628296875 0.49356223125 0.6714628296875 0.2811158796875 0.654676259375 0.276824034375 0.6978417265625 0.285407725 0.7026378890625 0.401287553125 0.717026378125 0.4527897 0.705035971875
0 0.43991416250000004 0.7194244609375 0.43776824062499997 0.743405275 0.48068669531249997 0.7482014390625 0.48283261875 0.7242206234374999 0.43991416250000004 0.7194244609375
0 0.4334763953125 0.757793765625 0.4334763953125 0.7793764984375 0.478540771875 0.7841726625 0.478540771875 0.760191846875 0.4334763953125 0.757793765625
0 0.5472102999999999 0.73621103125 0.5407725328125 0.7529976015625001 0.5429184546875 0.7937649875 0.5815450640625001 0.7937649875 0.5836909875 0.743405275 0.5472102999999999 0.73621103125
0 0.5600858375 0.6738609109375 0.5472102999999999 0.68105515625 0.545064378125 0.7242206234374999 0.585836909375 0.7314148687500001 0.5944206015625 0.68105515625 0.5600858375 0.6738609109375
0 0.609442059375 0.6834532375 0.6051502140625 0.69064748125 0.6030042921875001 0.7290167859375 0.6351931328125 0.73621103125 0.6416309015625 0.6882494 0.609442059375 0.6834532375
0 0.60085836875 0.7482014390625 0.598712446875 0.757793765625 0.5944206015625 0.7937649875 0.6244635187500001 0.8009592328125 0.6330472109375 0.7505995203125 0.60085836875 0.7482014390625
0 0.6502145921875 0.7505995203125 0.6437768234375 0.757793765625 0.6416309015625 0.8009592328125 0.669527896875 0.8033573140625 0.6759656656249999 0.757793765625 0.6502145921875 0.7505995203125
0 0.7231759656250001 0.6954436453125 0.7124463515625 0.712230215625 0.7124463515625 0.74100719375 0.800429184375 0.7505995203125 0.8025751078125 0.7026378890625 0.7231759656250001 0.6954436453125
0 0.70815450625 0.7529976015625001 0.70815450625 0.78657074375 0.7961373390625 0.7913669062500001 0.7982832625 0.760191846875 0.70815450625 0.7529976015625001