0 0.17980636249999998 0.1663893515625 0.154910096875 0.16805324531250002 0.154910096875 0.2545757078125 0.183955740625 0.2562396 0.183955740625 0.173044925 0.17980636249999998 0.1663893515625
0 0.094052559375 0.2595673875 0.0912863078125 0.10981697187499999 0.0871369296875 0.10316139843750001 0.06224066406249999 0.10482529062499998 0.065006915625 0.25790349375 0.06777316718750001 0.26289517500000004 0.0885200546875 0.26289517500000004 0.094052559375 0.2595673875
0 0.12863070468749999 0.29783693906250003 0.10373443906249999 0.29950083125 0.10926694374999998 0.61064891875 0.1369294609375 0.61397670625 0.13416320937499998 0.3111480859375 0.12863070468749999 0.29783693906250003
0 0.13554633437500002 0.9484193015625 0.1410788375 0.9450915140625 0.1383125859375 0.7620632281249999 0.1120331953125 0.760399334375 0.1078838171875 0.765391015625 0.1120331953125 0.9417637265625001 0.116182571875 0.9500831953125 0.13554633437500002 0.9484193015625
0 0.1936376203125 0.1663893515625 0.1936376203125 0.2529118140625 0.2226832640625 0.2529118140625 0.2213001390625 0.1663893515625 0.1936376203125 0.1663893515625
0 0.2627939140625 0.10316139843750001 0.2337482703125 0.1014975046875 0.2337482703125 0.26123128125 0.26141078906250004 0.2678868546875 0.265560165625 0.26289517500000004 0.2627939140625 0.10316139843750001
0 0.2766251734375 0.1014975046875 0.2766251734375 0.26289517500000004 0.305670815625 0.26455906875 0.305670815625 0.1014975046875 0.2766251734375 0.1014975046875
0 0.319502075 0.0981697171875 0.319502075 0.26289517500000004 0.3485477171875 0.26455906875 0.3471645921875 0.0981697171875 0.319502075 0.0981697171875
0 0.7524204703125 0.43316638906250005 0.7579529734375 0.407653909375 0.7524204703125 0.3826955078125 0.744121715625 0.3777038265625 0.7219917015624999 0.3826955078125 0.7164591984375 0.39267886875 0.7123098203125 0.44592346093749996 0.7219917015624999 0.47587354375 0.755186721875 0.47587354375 0.7524204703125 0.43316638906250005
0 0.9017980640625 0.3793677203125 0.9017980640625 0.3377703828125 0.8934993078125 0.3128119796875 0.874135546875 0.3178036609375 0.784232365625 0.3144758734375 0.7717842328125 0.31613976718750003 0.7676348546875 0.326123128125 0.7717842328125 0.4242928453125 0.8782849234375 0.42096505781250004 0.8934993078125 0.41430948437500004 0.9017980640625 0.3793677203125
0 0.865836790625 0.43427620625 0.7731673578125 0.4359401 0.7717842328125 0.5124792015625 0.775933609375 0.5307820296875 0.8686030421875 0.5274542421875 0.865836790625 0.43427620625